             i n_i          p_{i+1}
             2   1                5
             5   2               13
            12   1               41
            29   8              113
            78   3              401
           199   4             1223
           508   1             3637
          1355   2            11197
          3592   1            33569
          9589   8            99971
         25752   1           296753
         70579  30           890377
        194228   5          2664229
        539961  60          8002847
       1507602   1         24007873
       4228745   4         72001673
      11913940   7        215991203
      33690443  38        647909833
      95581182  25       1943478491
     272003821  16       5830319399
     776082524  19      17489762779
    2219823175  16      52470123707
    6363074656   9     157409115779
   18275879639  18     472222208149
   52587587974   3    1416658480733
  151572062973  22    4249982656133
  437548314952  61   12749957904521
 1264892207811   8   38249838428717
 3661490934914   3  114749512555373
10612045942623   8  344248576871219
30792215692360  13 1032745848371989
