            i n_i        p_{i+1}
           14   1             47
           31   4            131
           86   5            449
          225   2           1429
          592   7           4339
         1589   2          13411
         4232   5          40351
        11319   6         120209
        30602   1         357997
        83885  12        1074763
       231406  33        3217481
       643593   6        9660323
      1799130  37       28990667
      5051371   6       86966903
     14241320  37      260879813
     40298257  16      782635753
    114395082   9     2347679671
    325694565  10     7042849613
    929665176  33    21126927949
   2660134923   6    63381420131
   7628022670   3   190145338921
  21916249489  38   570432291817
  63081341478  43  1711288410319
 181868284347   6  5133882975493
 525139233638  13 15401675152999
1518463601941  12 46205014886473
