           i n_i        p_{i+1}
           6   1             17
          15   4             53
          46   1            211
         113  10            619
         280   5           1823
         731   6           5531
        1894   9          16339
        5007  38          48679
       13492   1         145819
       36887  10         439367
      101126   5        1315661
      280177  18        3954053
      779238   7       11857073
     2179061  30       35561137
     6122110  21      106653377
    17273371  14      319963883
    48904804  15      959782393
   138917293  12     2879370899
   395717222  87     8638014793
  1130187981   4    25915353869
  3235199798  49    77745289207
  9280360825  36   233232717407
 26672973902   7   699697233679
 76797750557  32  2099101861691
