            i n_i        p_{i+1}
           13   3             43
           36   2            157
           83   5            433
          204  14           1259
          531   9           3833
         1356  16          11213
         3611   9          33739
         9764   6         101987
        26731  11         309109
        73274  16         927191
       202605   3        2788813
       562190   4        8356861
      1569627  21       25062967
      4406454  30       75219323
     12419599  23      225710143
     35130326   2      677159999
     99702241   9     2031695719
    283769884   8     6095160419
    809844705  11    18286822013
   2316543714  54    54859591001
   6640906387  23   164578508771
  19075689854  36   493739715163
  54893524725   3  1481228734481
