            i n_i        p_{i+1}
           10   2             31
           23   7             89
           64   2            313
          159   3            941
          398   6           2731
         1037  13           8273
         2754   2          24923
         7299   9          73973
        19506   2         218761
        53301  27         656429
       146396  10        1962967
       405971   5        5892959
      1132492  26       17685539
      3173065  35       53053547
      8928446  20      159130943
     25226291   7      477406117
     71506842  96     1432061549
    203333407  13     4296147983
    579758492   8    12887968169
   1657251341  25    38665453867
   4747662354  24   115994882567
  13628787329  55   347979525269
  39196613838  10  1043932282319
