            i n_i        p_{i+1}
           13   2             43
           36   1            157
           83   4            433
          204  13           1259
          531   8           3833
         1356  15          11213
         3611   8          33739
         9764   5         101987
        26731  10         309109
        73274  15         927191
       202605   2        2788813
       562190   3        8356861
      1569627  20       25062967
      4406454  29       75219323
     12419599  22      225710143
     35130326   1      677159999
     99702241   8     2031695719
    283769884   7     6095160419
    809844705  10    18286822013
   2316543714  53    54859591001
   6640906387  22   164578508771
  19075689854  35   493739715163
  54893524725   2  1481228734481
 158228253522  19  4443679700513
 456789722191  26 13331029653661
1320592376350   1 39993122267353
