0 3
1 2
2 1
3 6
4 3
5 2
6 unknown
7 4
8 69
9 6
10 3
11 58
12 23
13 10
14 5
15 12
16 unknown
17 4
18 69
19 6
20 unknown
21 8
22 21
23 56
24 369019
25 58
26 23
27 10
28 5
29 12
30 unknown
31 14
32 7
33 16
34 37
35 18
36 9
37 122
38 11
39 30
40 69
41 6
42 unknown
43 8
44 21
45 56
46 369019
47 58
48 23
49 10
50 unknown
51 unknown
52 25
53 70
54 27
55 12
56 unknown
57 14
58 7
59 16
60 37
61 18
62 9
63 122
64 11
65 30
66 69
67 8458
68 13
69 36
70 unknown
71 unknown
72 15
73 44
74 107
75 46
76 unknown
77 8
78 21
79 56
80 369019
81 58
82 23
83 10
84 unknown
85 unknown
86 25
87 70
88 27
89 12
90 unknown
91 14
92 unknown
93 4234
94 33
95 4336
96 233
97 16
98 37
99 18
100 9
