0 3
1 2
2 1
3 6
4 3
5 2
6 > 32000000000000
7 4
8 69
9 6
10 3
11 58
12 23
13 10
14 5
15 12
16 = a(6) > 32000000000000
17 4
18 69
19 6
20 > 14000000000000
21 8
22 21
23 56
24 369019
25 58
26 23
27 10
28 5
29 12
30 = a(6) > 32000000000000
31 14
32 7
33 16
34 37
35 18
36 9
37 122
38 11
39 30
40 69
41 6
42 = a(20) > 14000000000000
43 8
44 21
45 56
46 369019
47 58
48 23
49 10
50 > 2400000000000
51 > 2400000000000
52 25
53 70
54 27
55 12
56 = a(6) > 32000000000000
57 14
58 7
59 16
60 37
61 18
62 9
63 122
64 11
65 30
66 69
67 8458
68 13
69 36
70 > 3000000000000
71 158228253524
72 15
73 44
74 107
75 46
76 = a(20) > 14000000000000
77 8
78 21
79 56
80 369019
81 58
82 23
83 10
84 = a(50) > 2400000000000
85 = a(51) > 2400000000000
86 25
87 70
88 27
89 12
90 = a(6) > 32000000000000
91 14
92 > 2800000000000
93 4234
94 33
95 4336
96 233
97 16
98 37
99 18
100 9
101 122
102 11
103 30
104 69
105 8458
106 13
107 36
108 = a(70) > 3000000000000
109 158228253524
110 15
111 44
112 107
113 46
114 = a(20) > 14000000000000
115 1896
116 17
117 290
118 > 51000000000
119 > 51000000000
120 119
121 48
122 19
123 460338624
124 21
125 56
126 369019
127 58
128 23
129 10
130 = a(50) > 2400000000000
131 = a(51) > 2400000000000
132 25
133 70
134 27
135 12
136 = a(6) > 32000000000000
137 14
138 = a(92) > 2800000000000
139 4234
140 33
141 4336
142 233
143 16
144 37
145 18
146 13311
147 4924
148 762851
149 20
150 27091288199
151 712
152 45
153 > 51000000000
154 289
155 22
156 47
157 41602
158 > 51000000000
159 122
160 11
161 30
162 69
163 8458
164 13
165 36
166 = a(70) > 3000000000000
167 158228253524
168 15
169 44
170 107
171 46
172 = a(20) > 14000000000000
173 1896
174 17
175 290
176 = a(118) > 51000000000
177 = a(119) > 51000000000
178 119
179 48
180 19
181 460338624
182 21
183 56
184 369019
185 58
186 23
187 62
188 > 51000000000
189 396
190 1035
191 64
192 = a(50) > 2400000000000
193 = a(51) > 2400000000000
194 25
195 70
196 27
197 12
198 = a(6) > 32000000000000
199 14
200 = a(92) > 2800000000000
201 4234
202 33
203 4336
204 233
205 16
206 37
207 18
208 13311
209 4924
210 762851
211 20
212 27091288199
213 712
214 45
215 = a(153) > 51000000000
216 289
217 22
218 47
219 41602
220 = a(158) > 51000000000
221 122
222 49
223 24
224 57
225 > 51000000000
226 367
227 26
228 61
229 150
230 393
231 28
232 397
233 154
234 407
235 30
236 69
237 8458
238 13
239 36
240 = a(70) > 3000000000000
241 158228253524
242 15
243 44
244 107
245 46
246 = a(20) > 14000000000000
247 1896
248 17
249 290
250 = a(118) > 51000000000
251 = a(119) > 51000000000
252 119
253 48
254 19
255 460338624
256 21
257 56
258 369019
259 58
260 23
261 62
262 = a(188) > 51000000000
263 396
264 1035
265 64
266 = a(50) > 2400000000000
267 = a(51) > 2400000000000
268 25
269 70
270 27
271 3208
272 29
273 496
274 > 51000000000
275 93221300
276 68933
277 78
278 539239
279 508
280 = a(6) > 32000000000000
281 14
282 = a(92) > 2800000000000
283 4234
284 33
285 4336
286 233
287 16
288 37
289 18
290 13311
291 4924
292 762851
293 20
294 27091288199
295 712
296 45
297 = a(153) > 51000000000
298 289
299 22
300 47
301 41602
302 = a(158) > 51000000000
303 122
304 49
305 24
306 57
307 = a(225) > 51000000000
308 367
309 26
310 61
311 150
312 393
313 28
314 397
315 154
316 407
317 30
318 69
319 8458
320 23219
321 32
322 > 51000000000
323 34
324 81
325 36
326 = a(70) > 3000000000000
327 158228253524
328 15
329 44
330 107
331 46
332 = a(20) > 14000000000000
333 1896
334 17
335 290
336 = a(118) > 51000000000
337 = a(119) > 51000000000
338 119
339 48
340 19
341 460338624
342 21
343 56
344 369019
345 58
346 23
347 62
348 = a(188) > 51000000000
349 396
350 1035
351 64
352 = a(50) > 2400000000000
353 = a(51) > 2400000000000
354 25
355 70
356 27
357 3208
358 29
359 496
360 = a(274) > 51000000000
361 93221300
362 68933
363 78
364 539239
365 508
366 = a(6) > 32000000000000
367 > 55000000000
368 201
369 11979124
370 9643
371 80
372 31
373 592
374 225
375 30602
376 = a(92) > 2800000000000
377 4234
378 33
379 4336
380 233
381 16
382 37
383 18
384 13311
385 4924
386 762851
387 20
388 27091288199
389 712
390 45
391 = a(153) > 51000000000
392 289
393 22
394 47
395 41602
396 = a(158) > 51000000000
397 122
398 49
399 24
400 57
401 = a(225) > 51000000000
402 367
403 26
404 61
405 150
406 393
407 28
408 397
409 154
410 407
411 30
412 69
413 8458
414 23219
415 32
416 = a(322) > 51000000000
417 34
418 81
419 36
420 = a(70) > 3000000000000
421 158228253524
422 85
423 210
424 27335
425 38
426 > 53000000000
427 1424
428 91
429 > 52000000000
430 3885
431 40
432 95
433 42
434 105
435 44
436 107
437 46
438 = a(20) > 14000000000000
439 1896
440 17
441 290
442 = a(118) > 51000000000
443 = a(119) > 51000000000
444 119
445 48
446 19
447 460338624
448 21
449 56
450 369019
451 58
452 23
453 62
454 = a(188) > 51000000000
455 396
456 1035
457 64
458 = a(50) > 2400000000000
459 = a(51) > 2400000000000
460 25
461 70
462 27
463 3208
464 29
465 496
466 = a(274) > 51000000000
467 93221300
468 68933
469 78
470 539239
471 508
472 = a(6) > 32000000000000
473 = a(367) > 55000000000
474 201
475 11979124
476 9643
477 80
478 31
479 592
480 225
481 30602
482 = a(92) > 2800000000000
483 4234
484 33
485 4336
486 233
487 > 53000000000
488 235
489 612
490 237
491 > 54000000000
492 5296025
493 14934352
494 35
495 94
496 247
497 251240
498 > 53000000000
499 96
500 37
501 18
502 13311
503 4924
504 762851
505 20
506 27091288199
507 712
508 45
509 = a(153) > 51000000000
510 289
511 22
512 47
513 41602
514 = a(158) > 51000000000
515 122
516 49
517 24
518 57
519 = a(225) > 51000000000
520 367
521 26
522 61
523 150
524 393
525 28
526 397
527 154
528 407
529 30
530 69
531 8458
532 23219
533 32
534 = a(322) > 51000000000
535 34
536 81
537 36
538 = a(70) > 3000000000000
539 158228253524
540 85
541 210
542 27335
543 38
544 = a(426) > 53000000000
545 1424
546 91
547 = a(429) > 52000000000
548 3885
549 40
550 95
551 42
552 105
553 44
554 107
555 46
556 = a(20) > 14000000000000
557 1896
558 115
559 > 52000000000
560 117
561 103406
562 747
563 290
564 = a(118) > 51000000000
565 = a(119) > 51000000000
566 119
567 48
568 19
569 460338624
570 21
571 56
572 369019
573 58
574 23
575 62
576 = a(188) > 51000000000
577 396
578 1035
579 64
580 = a(50) > 2400000000000
581 = a(51) > 2400000000000
582 25
583 70
584 27
585 3208
586 29
587 496
588 = a(274) > 51000000000
589 93221300
590 68933
591 78
592 539239
593 508
594 = a(6) > 32000000000000
595 = a(367) > 55000000000
596 201
597 11979124
598 9643
599 80
600 31
601 592
602 225
603 30602
604 = a(92) > 2800000000000
605 4234
606 33
607 4336
608 233
609 = a(487) > 53000000000
610 235
611 612
612 237
613 = a(491) > 54000000000
614 5296025
615 14934352
616 35
617 94
618 247
619 251240
620 = a(498) > 53000000000
621 96
622 37
623 646
624 257
625 4596
626 39
627 100
628 96531
629 680
630 5837507
631 682
632 41
633 102
634 387592315
635 > 61000000000
636 13311
637 4924
638 762851
639 20
640 27091288199
641 712
642 45
643 = a(153) > 51000000000
644 289
645 22
646 47
647 41602
648 = a(158) > 51000000000
649 122
650 49
651 24
652 57
653 = a(225) > 51000000000
654 367
655 26
656 61
657 150
658 393
659 28
660 397
661 154
662 407
663 30
664 69
665 8458
666 23219
667 32
668 = a(322) > 51000000000
669 34
670 81
671 36
672 = a(70) > 3000000000000
673 158228253524
674 85
675 210
676 27335
677 38
678 = a(426) > 53000000000
679 1424
680 91
681 = a(429) > 52000000000
682 3885
683 40
684 95
685 42
686 105
687 44
688 107
689 46
690 = a(20) > 14000000000000
691 1896
692 115
693 = a(559) > 52000000000
694 117
695 103406
696 747
697 290
698 = a(118) > 51000000000
699 = a(119) > 51000000000
700 119
701 48
702 > 56000000000
703 50
704 2455051
705 3653686032
706 127
707 > 53000000000
708 > 54000000000
709 52
710 129
711 460338624
712 21
713 56
714 369019
715 58
716 23
717 62
718 = a(188) > 51000000000
719 396
720 1035
721 64
722 = a(50) > 2400000000000
723 = a(51) > 2400000000000
724 25
725 70
726 27
727 3208
728 29
729 496
730 = a(274) > 51000000000
731 93221300
732 68933
733 78
734 539239
735 508
736 = a(6) > 32000000000000
737 = a(367) > 55000000000
738 201
739 11979124
740 9643
741 80
742 31
743 592
744 225
745 30602
746 = a(92) > 2800000000000
747 4234
748 33
749 4336
750 233
751 = a(487) > 53000000000
752 235
753 612
754 237
755 = a(491) > 54000000000
756 5296025
757 14934352
758 35
759 94
760 247
761 251240
762 = a(498) > 53000000000
763 96
764 37
765 646
766 257
767 4596
768 39
769 100
770 96531
771 680
772 5837507
773 682
774 41
775 102
776 387592315
777 = a(635) > 61000000000
778 13311
779 4924
780 762851
781 104
782 1849
783 136136152
784 43
785 37350
786 27091288199
787 712
788 45
789 = a(153) > 51000000000
790 289
791 22
792 47
793 41602
794 = a(158) > 51000000000
795 122
796 49
797 24
798 57
799 = a(225) > 51000000000
800 367
801 26
802 61
803 150
804 393
805 28
806 397
807 154
808 407
809 30
810 69
811 8458
812 23219
813 32
814 = a(322) > 51000000000
815 34
816 81
817 36
818 = a(70) > 3000000000000
819 158228253524
820 85
821 210
822 27335
823 38
824 = a(426) > 53000000000
825 1424
826 91
827 = a(429) > 52000000000
828 3885
829 40
830 95
831 42
832 105
833 44
834 107
835 46
836 = a(20) > 14000000000000
837 1896
838 115
839 = a(559) > 52000000000
840 117
841 103406
842 747
843 290
844 = a(118) > 51000000000
845 = a(119) > 51000000000
846 119
847 48
848 = a(702) > 56000000000
849 50
850 2455051
851 3653686032
852 127
853 = a(707) > 53000000000
854 = a(708) > 54000000000
855 52
856 129
857 460338624
858 2528949
859 460338756
860 42747
861 320
862 131
863 117724
864 2539885
865 54
866 137
867 336
868 877
869 > 53000000000
870 879
871 56
872 369019
873 58
874 23
875 62
876 = a(188) > 51000000000
877 396
878 1035
879 64
880 = a(50) > 2400000000000
881 = a(51) > 2400000000000
882 25
883 70
884 27
885 3208
886 29
887 496
888 = a(274) > 51000000000
889 93221300
890 68933
891 78
892 539239
893 508
894 = a(6) > 32000000000000
895 = a(367) > 55000000000
896 201
897 11979124
898 9643
899 80
900 31
901 592
902 225
903 30602
904 = a(92) > 2800000000000
905 4234
906 33
907 4336
908 233
909 = a(487) > 53000000000
910 235
911 612
912 237
913 = a(491) > 54000000000
914 5296025
915 14934352
916 35
917 94
918 247
919 251240
920 = a(498) > 53000000000
921 96
922 37
923 646
924 257
925 4596
926 39
927 100
928 96531
929 680
930 5837507
931 682
932 41
933 102
934 387592315
935 = a(635) > 61000000000
936 13311
937 4924
938 762851
939 104
940 1849
941 136136152
942 43
943 37350
944 27091288199
945 712
946 45
947 = a(153) > 51000000000
948 289
949 744
950 826919
951 112
952 291
953 114
954 > 54000000000
955 > 53000000000
956 > 52000000000
957 1258650544
958 47
959 41602
960 = a(158) > 51000000000
961 122
962 49
963 24
964 57
965 = a(225) > 51000000000
966 367
967 26
968 61
969 150
970 393
971 28
972 397
973 154
974 407
975 30
976 69
977 8458
978 23219
979 32
980 = a(322) > 51000000000
981 34
982 81
983 36
984 = a(70) > 3000000000000
985 158228253524
986 85
987 210
988 27335
989 38
990 = a(426) > 53000000000
991 1424
992 91
993 = a(429) > 52000000000
994 3885
995 40
996 95
997 42
998 105
999 44
1000 107
