0 3
1 2
2 1
3 6
4 3
5 2
6 >49775213136
7 4
8 69
9 6
10 3
11 58
12 23
13 10
14 5
15 12
16 >49852416574
17 4
18 69
19 6
20 >50295321553
21 8
22 21
23 56
24 369019
25 58
26 23
27 10
28 5
29 12
30 >50615395536
31 14
32 7
33 16
34 37
35 18
36 9
37 122
38 11
39 30
40 69
41 6
42 >50435442411
43 8
44 21
45 56
46 369019
47 58
48 23
49 10
50 >50861529897
51 >50572466055
52 25
53 70
54 27
55 12
56 >50621597448
57 14
58 7
59 16
60 37
61 18
62 9
63 122
64 11
65 30
66 69
67 8458
68 13
69 36
70 >50431010975
71 >50669016561
72 15
73 44
74 107
75 46
76 >49824081877
77 8
78 21
79 56
80 369019
81 58
82 23
83 10
84 >50649170497
85 >50136306281
86 25
87 70
88 27
89 12
90 >50377526392
91 14
92 >50722218416
93 4234
94 33
95 4336
96 233
97 16
98 37
99 18
100 9
101 122
102 11
103 30
104 69
105 8458
106 13
107 36
108 >50344587875
109 >50301211347
110 15
111 44
112 107
113 46
114 >50704487873
115 1896
116 17
117 290
118 >50647342113
119 >50608762705
120 119
121 48
122 19
123 460338624
124 21
125 56
126 369019
127 58
128 23
129 10
130 >50525587419
131 >50658787839
132 25
133 70
134 27
135 12
136 >50381465566
137 14
138 >50743045244
139 4234
140 33
141 4336
142 233
143 16
144 37
145 18
146 13311
147 4924
148 762851
149 20
150 27091288199
151 712
152 45
153 >50814357346
154 289
155 22
156 47
157 41602
158 >50557264340
159 122
160 11
161 30
162 69
163 8458
164 13
165 36
166 >50717856027
167 >50436077557
168 15
169 44
170 107
171 46
172 >50510533519
173 1896
174 17
175 290
176 >50408349265
177 >50348671205
178 119
179 48
180 19
181 460338624
182 21
183 56
184 369019
185 58
186 23
187 62
188 >50681481103
189 396
190 1035
191 64
192 >50453573459
193 >50338253357
194 25
195 70
196 27
197 12
198 >50508844462
199 14
200 >50457980194
