            i n_i        p_{i+1}
           10   1             31
           23   6             89
           64   1            313
          159   2            941
          398   5           2731
         1037  12           8273
         2754   1          24923
         7299   8          73973
        19506   1         218761
        53301  26         656429
       146396   9        1962967
       405971   4        5892959
      1132492  25       17685539
      3173065  34       53053547
      8928446  19      159130943
     25226291   6      477406117
     71506842  95     1432061549
    203333407  12     4296147983
    579758492   7    12887968169
   1657251341  24    38665453867
   4747662354  23   115994882567
  13628787329  54   347979525269
  39196613838   9  1043932282319
 112924461059  38  3131800435073
 325846539826  13  9395396532143
 941613240105  10 28186159828283
